MAPBOX_ACCESS_TOKEN=pk.eyJ1IjoibGVvbmFyZG9ndXRpZXJyZXpoIiwiYSI6ImNsOHd6eHVidTAxbWUzcnBucHA3cHkwZzEifQ.rQmpGle0L2vtNLCKm5DUIQ
DIAGNOSTIC_MAP_LATITUDE=8.770198211475261
DIAGNOSTIC_MAP_LONGITUDE=0.8332327892880187
DIAGNOSTIC_MAP_ZOOM=6.29
DIAGNOSTIC_MAP_WS_BOUND=[-1.6405819530436645, 6.032835821531734]
DIAGNOSTIC_MAP_EN_BOUND=[3.226379659586371, 11.303021230048657]
DIAGNOSTIC_MAP_ISO_CODE=TGO